45
38
94
97
7
87
100
100
35
68
49
48
52
55
12
24
49
90
16
17
42
52
65
70
26
46
69
60
80
68
39
28
35
50
4
25
49
54
93
2
93
47
77
25
95
9
90
35
11
9
59
97
74
79
83
56
61
98
37
41
51
84
92
50
33
97
81
48
19
46
41
12
44
3
73
37
89
18
83
19
24
64
99
6
78
17
33
88
10
68
77
89
63
7
28
67
39
31
12
13
97
47
11
70
90
98
53
93
98
26
25
33
8
91
24
32
27
33
37
44
33
94
59
42
44
36
95
28
89
17
55
14
47
86
45
76
12
66
60
92
79
78
72
67
87
44
100
21
77
53
85
78
69
44
84
69
75
17
12
66
70
79
31
13
30
43
74
22
65
68
15
75
95
94
42
33
87
15
39
64
89
46
89
21
23
31
50
66
54
41
34
43
12
73
79
17
31
58
36
56
7
79
48
71
69
15
14
94
35
99
10
8
55
76
47
66
49
93
16
67
3
19
19
59
13
4
75
38
78
96
28
36
5
26
81
88
13
48
1
92
73
11
42
19
74
10
31
52
91
38
21
64
76
55
16
71
13
54
14
46
67
47
99
20
30
100
63
49
36
62
82
92
68
15
42
15
10
27
37
90
12
19
27
28
72
82
48
4
77
42
53
58
43
25
7
16
4
86
23
60
65
20
66
77
16
23
7
82
96
43
18
49
78
8
69
45
73
40
18
15
92
6
23
25
54
2
36
91
21
10
40
99
90
66
55
53
75
57
44
21
77
87
38
21
9
80
23
47
57
36
14
16
15
97
19
12
36
37
34
67
86
19
97
99
98
62
75
63
94
56
67
78
71
32
85
26
98
59
40
9
80
100
28
61
16
97
96
85
24
62
29
10
48
5
63
99
99
12
74
86
14
11
97
25
66
81
62
66
75
31
75
10
70
20
70
34
17
61
10
65
15
20
14
41
82
96
57
27
98
3
10
51
31
57
95
50
83
34
79
50
73
15
92
89
59
82
7
25
2
91
95
35
80
9
58
78
40
53
5
61
70
21
61
67
2
31
11
16
72
11
74
14
44
11
93
72
20
42
68
57
35
9
93
47
87
15
9
34
3
50
88
56
3
1
34
73
11
19
25
61
77
33
98
15
51
90
3
7
66
39
15
50
58
48
38
21
7
3
25
42
69
39
71
26
62
75
68
87
94
13
6
27
46
19
63
59
14
10
23
8
100
48
20
84
20
75
81
74
14
49
14
26
30
34
57
52
83
97
26
58
99
75
63
29
25
25
66
71
35
14
90
9
24
78
20
43
59
38
73
86
23
81
75
2
95
10
7
65
58
52
44
48
55
63
4
78
48
3
49
16
9
5
27
17
36
19
88
95
62
35
44
3
99
9
11
69
62
30
13
10
74
38
3
81
24
93
53
62
33
91
91
20
78
18
8
78
56
51
89
21
76
23
3
61
91
12
70
14
79
97
87
28
36
61
1
3
85
81
93
64
32
12
72
89
64
63
77
53
80
77
1
34
47
23
91
52
47
87
79
35
49
42
33
94
15
38
52
90
52
68
67
68
40
68
87
64
3
46
76
3
65
95
16
33
38
79
36
87
7
97
70
57
83
87
95
72
57
93
26
49
68
84
52
3
29
72
37
72
14
59
86
52
51
69
61
60
65
26
55
91
42
67
86
73
68
2
6
40
97
60
57
48
93
45
55
99
23
13
82
51
19
66
9
46
88
10
29
15
3
37
69
89
47
6
69
20
75
11
36
35
29
50
40
23
77
54
60
70
72
98
28
12
21
23
54
6
56
71
28
15
2
19
46
31
81
47
26
63
74
34
8
23
83
66
17
45
18
99
74
89
87
59
80
61
98
45
16
41
97
100
29
53
14
14
77
1
12
31
49
100
9
10
60
68
84
75
67
80
8
23
48
85
67
93
80
68
78
94
74
51
100
1
33
25
41
45
98
76
8
93
96
25
3
44
67
3
34
71
90
4
32
43
75
52
80
23
6
67
93
100
15
58
23
48
3
76
35
71
84
32
88
94
96
80
2
83
56
100
80
92
21
97
41
27
32
69
63
71
27
4
81
37
51
31
2
47
86
55
15
94
7
44
6
17
92
64
29
6
39
7
67
74
44
77
92
17
88
59
15
56
15
70
49
52
91
75
29
56
88
66
70
49
15
50
55
15
2
80
77
39
50
94
10
11
11
18
38
98
92
16
49
51
49
74
92
49
74
59
15
19
86
63
23
31
68
73
18
37
33
13