22
4
69
37
33
70
81
74
79
96
25
8
33
74
71
75
66
16
18
100
49
45
94
51
97
99
37
4
91
92
30
38
63
95
51
16
36
96
43
38
90
96
46
44
41
25
21
82
97
9
41
9
92
52
96
90
74
11
62
50
1
36
8
53
24
11
1
58
12
27
35
48
37
17
67
98
91
12
42
50
68
2
36
37
33
96
36
50
31
100
87
96
14
38
12
86
24
22
42
5
18
17
45
6
3
8
12
19
8
32
41
1
81
57
17
95
42
97
75
87
6
23
19
76
21
74
74
13
6
66
92
74
3
57
61
67
17
99
54
99
61
37
52
26
22
4
42
26
3
64
72
39
95
12
85
74
65
61
26
18
59
35
37
10
40
42
68
30
86
30
81
11
38
6
74
58
44
59
47
23
10
11
53
5
65
24
28
62
70
45
3
11
20
90
41
75
25
51
72
56
77
66
100
37
79
34
26
63
100
62
81
91
100
16
83
54
87
96
56
22
86
1
24
93
80
50
6
46
23
69
30
45
62
45
27
36
69
71
72
10
80
67
4
66
62
51
85
96
49
95
14
21
83
82
11
53
92
87
74
53
73
18
59
61
85
81
57
30
69
41
92
82
41
71
57
85
34
85
62
53
38
53
10
36
5
31
57
41
93
78
80
46
86
39
37
100
81
10
23
74
54
73
98
17
70
76
49
48
89
52
76
10
56
92
69
55
43
27
28
58
41
87
78
41
87
1
58
53
21
67
100
22
53
29
18
78
7
61
99
29
71
49
58
71
19
1
74
22
39
52
81
61
59
76
45
56
82
50
61
31
63
34
47
68
30
5
14
44
77
62
90
42
20
14
73
7
52
79
100
81
39
1
4
33
87
100
50
5
18
74
27
4
5
46
95
56
41
37
58
6
90
5
94
58
26
71
13
89
15
96
73
95
86
89
95
76
79
7
26
71
51
86
35
93
5
73
28
55
15
98
26
33
15
82
26
4
63
81
74
17
46
100
7
1
95
9
88
43
37
57
79
25
45
87
63
5
25
3
2
80
33
1
45
97
36
81
62
55
98
97
69
59
67
26
35
42
34
18
8
20
64
39
73
20
5
46
15
10
80
57
24
28
35
59
47
82
13
56
32
4
90
76
90
16
86
63
80
77
33
47
27
78
41
9
11
76
81
96
76
16
81
83
9
52
25
12
15
89
57
48
77
65
13
4
38
89
70
25
25
95
45
50
65
36
66
83
43
39
67
78
97
82
89
62
64
16
66
75
64
21
29
15
5
30
79
53
35
41
37
47
33
34
60
8
34
48
27
68
56
57
27
52
35
63
17
54
19
70
70
32
59
98
35
68
81
20
45
91
4
14
69
66
60
29
51
66
81
32
63
77
70
90
53
59
38
57
76
59
9
88
74
11
40
18
8
37
26
4
79
84
95
62
61
91
42
6
44
97
66
12
15
74
22
79
10
32
88
62
13
92
32
75
12
45
74
26
14
56
81
4
37
95
53
14
11
28
70
55
55
56
83
51
92
69
92
5
12
46
39
36
75
5
35
57
19
88
31
44
28
34
62
71
57
8
62
60
21
48
3
22
91
68
84
23
57
97
24
1
7
85
41
14
82
31
18
86
5
88
33
39
30
23
23
37
80
22
84
43
34
99
36
65
36
61
22
48
85
25
72
45
9
24
22
15
5
6
45
62
65
29
40
33
90
1
36
39
70
84
97
82
10
19
43
19
33
52
82
58
55
68
46
44
88
43
57
20
94
6
12
85
70
66
18
87
99
38
85
19
28
90
82
13
12
93
84
4
38
96
92
62
3
98
77
7
51
70
40
89
26
31
41
1
86
50
56
95
57
91
2
24
78
89
67
66
20
89
53
80
76
64
62
51
14
62
12
63
95
39
10
50
1
92
33
95
46
80
59
67
97
60
38
32
83
70
78
12
56
29
28
11
80
59
42
44
2
53
19
49
36
98
45
49
34
41
52
30
86
15
95
13
75
87
25
46
53
17
22
24
1
57
20
47
45
91
87
62
75
82
62
3
62
15
44
54
93
79
39
14
80
34
20
40
85
98
45
69
48
33
7
40
9
18
97
22
17
86
1
79
48
97
91
93
64
66
67
65
63
8
95
91
84
86
18
33
77
78
74
34
41
51
65
2
99
49
45
25
30
45
28
90
100
78
38
80
86
58
45
8
63
61
51
27
83
84
17
3
38
90
39
47
12
12
22
90
18
18
96
3
76
85
100
44
10
70
57
74
61
80
17
9