77
32
31
86
28
2
42
1
61
2
7
99
47
47
59
72
92
11
9
23
80
22
52
72
1
90
39
20
82
41
46
43
22
7
100
91
62
59
41
30
40
51
21
9
49
1
5
76
3
18
48
88
53
15
34
66
88
82
3
14
50
8
17
5
9
78
53
6
93
26
20
18
35
74
80
69
77
15
53
56
42
73
80
33
62
71
24
71
65
39
20
32
95
21
42
93
82
82
45
96
37
61
3
36
11
35
87
97
88
56
82
84
33
100
56
47
86
97
57
77
53
41
25
28
92
36
17
26
52
2
93
28
61
2
84
98
42
85
60
19
65
75
44
48
25
42
39
66
23
22
29
50
5
9
15
42
70
87
8
47
97
19
48
74
2
3
75
87
45
25
38
80
65
49
63
19
12
9
82
97
13
78
85
78
36
72
42
16
9
73
100
9
52
81
24
99
95
82
34
36
64
62
74
37
86
20
35
69
40
78
38
45
43
91
45
62
6
44
47
67
65
42
95
19
3
88
67
44
81
16
24
45
68
24
11
59
63
81
47
13
19
84
1
6
70
58
75
50
5
28
78
3
52
51
7
20
1
14
97
59
85
5
74
99
33
96
59
17
45
74
6
72
25
56
81
36
73
48
65
24
45
54
90
42
75
95
95
82
58
34
5
51
46
83
35
64
4
12
78
43
54
46
90
71
34
42
72
35
78
48
21
1
71
51
93
75
70
24
60
27
84
69
82
88
61
79
33
48
54
42
51
97
7
55
56
66
84
73
68
18
54
61
70
43
75
15
45
26
6
73
98
59
19
71
66
65
44
99
66
34
34
38
87
90
96
21
100
91
97
66
18
19
57
90
24
89
64
86
8
62
33
18
73
34
86
59
35
82
80
88
41
41
55
59
13
5
67
46
91
67
73
57
13
93
99
64
95
79
8
73
54
95
71
27
51
40
73
43
27
9
59
80
54
44
6
66
15
40
55
37
31
37
54
13
85
79
44
83
50
67
64
65
59
21
20
53
45
68
62
88
81
27
93
6
39
95
60
16
62
5
32
11
13
85
89
48
6
66
77
44
9
5
67
35
38
90
83
77
59
50
25
47
35
75
34
86
46
32
79
9
38
98
63
78
39
57
46
27
99
26
3
61
8
62
61
92
1
84
60
71
45
3
73
41
82
54
20
25
27
9
6
51
97
88
58
11
84
34
2
23
19
1
45
24
93
86
5
51
3
80
20
1
43
17
39
97
84
26
73
43
19
70
55
75
95
12
1
44
12
97
34
1
45
69
39
55
15
62
26
24
18
53
67
67
2
55
76
55
5
88
1
44
15
6
94
4
42
18
65
21
9
65
92
82
87
18
85
48
35
33
56
5
19
55
85
54
24
74
6
64
9
39
59
88
64
32
42
26
14
93
47
68
38
22
47
52
38
63
72
61
82
68
82
11
32
24
51
2
77
94
28
67
78
91
42
62
39
39
71
73
41
1
93
53
99
58
38
11
5
56
15
11
9
46
57
96
28
27
53
22
20
34
75
98
54
97
51
77
27
65
52
51
86
68
48
97
4
47
96
45
20
44
29
63
56
67
12
79
12
37
27
32
58
38
36
71
67
6
95
100
66
50
89
68
18
50
11
71
5
66
89
74
26
88
25
47
61
96
79
10
52
76
4
65
78
100
14
2
9
43
57
74
73
88
49
64
73
22
65
56
84
73
24
52
41
39
75
99
84
89
83
86
79
59
42
25
7
59
36
52
39
78
88
46
32
76
65
47
61
54
12
49
38
23
1
20
93
37
44
3
95
14
62
87
79
95
87
40
73
42
25
75
76
43
29
3
4
15
32
98
52
42
84
14
91
93
5
27
90
29
10
8
71
8
44
86
23
96
36
54
11
98
97
8
68
90
10
59
89
51
1
66
51
42
13
68
12
42
63
44
37
59
87
40
99
42
50
36
24
88
90
66
74
33
52
4
27
4
55
92
74
76
3
24
4
77
48
16
1
51
47
45
33
76
6
72
59
62
30
36
36
37
86
42
72
89
29
90
13
11
59
91
27
64
59
82
29
20
50
40
86
9
15
69
8
59
67
55
91
34
43
54
55
61
82
21
87
97
56
43
51
22
37
34
26
24
99
44
65
87
43
33
39
96
87
58
8
35
2
30
34
25
46
36
64
14
8
67
54
15
5
13
99
91
57
55
36
89
11
92
41
54
22
50
62
35
43
9
48
7
25
78
3
45
98
6
48
88
19
17
58
59
53
20
26
44
86
94
87
6