63
94
48
59
54
84
11
35
30
52
21
61
41
45
34
19
14
16
42
71
27
72
92
12
30
15
8
53
99
59
8
48
94
73
27
1
58
13
51
15
79
9
75
14
89
73
26
5
84
59
16
46
23
23
57
24
10
86
21
57
59
9
17
45
62
35
12
9
93
3
98
67
60
41
48
8
36
24
94
40
35
59
48
51
67
50
18
8
51
24
21
90
10
45
29
58
4
56
93
41
19
95
86
39
71
8
44
77
95
44
12
89
20
25
89
57
91
14
38
8
92
78
28
16
23
16
55
59
94
67
67
96
60
96
27
14
30
20
65
35
15
9
21
86
42
60
29
85
90
81
92
44
82
93
40
5
15
14
22
73
52
37
64
31
36
65
83
2
61
12
29
74
20
53
57
1
43
68
84
29
3
60
57
50
66
82
66
20
93
79
45
2
36
25
7
50
74
33
3
83
73
98
79
34
99
30
45
55
22
9
79
59
94
24
12
26
84
71
40
55
18
38
89
72
23
6
66
63
11
25
97
80
95
47
96
86
70
75
23
78
75
45
67
15
45
3
31
64
4
56
41
83
14
42
90
66
5
44
25
100
72
25
64
13
76
83
97
81
17
3
56
11
74
57
94
1
95
36
97
57
77
13
100
83
63
19
71
55
41
68
71
58
80
89
6
47
40
57
90
49
70
96
72
68
77
46
76
63
86
20
25
4
84
96
81
87
36
93
34
52
71
56
10
54
4
1
91
80
37
53
35
2
93
12
81
8
61
33
100
68
63
25
43
76
51
80
80
55
93
32
5
22
97
30
97
98
42
76
19
82
99
45
67
35
2
38
39
91
7
25
23
45
4
43
16
73
35
36
44
61
63
70
38
16
22
95
30
62
95
28
96
13
86
90
65
83
60
69
44
9
17
93
3
14
30
20
94
4
35
93
32
46
68
33
73
10
31
22
54
71
1
57
45
6
78
51
82
35
27
72
23
16
100
63
24
7
91
97
43
4
29
8
90
59
19
15
89
3
97
45
54
51
23
6
55
44
84
71
1
12
72
59
46
20
92
32
40
18
53
48
91
55
99
25
50
13
58
23
55
21
52
84
18
74
55
30
62
88
14
62
50
4
24
55
73
60
79
92
41
97
78
13
35
62
64
30
18
33
34
15
97
3
16
26
81
73
46
17
47
37
81
70
4
80
11
97
63
48
14
38
76
3
64
41
13
28
89
55
44
5
29
15
89
32
41
56
33
73
31
43
75
21
73
25
4
46
18
92
49
6
78
49
84
41
53
69
21
12
7
33
91
27
45
53
89
47
24
84
38
1
86
96
14
36
44
22
63
32
4
93
61
95
24
27
78
13
79
54
49
83
93
44
3
89
24
8
11
7
21
36
49
72
3
1
23
68
27
65
83
47
8
80
3
97
45
58
7
55
71
54
89
71
72
24
53
96
96
64
63
39
15
36
40
17
11
38
42
15
26
45
84
72
42
32
94
45
74
73
13
78
69
97
94
95
79
53
99
21
34
89
49
55
5
54
52
40
23
76
68
12
51
3
40
18
91
43
73
31
60
36
10
48
52
87
86
98
81
92
88
26
58
89
3
18
25
95
96
95
49
62
87
52
76
2
25
75
76
21
44
26
87
82
67
32
1
17
26
56
1
64
30
68
85
74
63
24
27
6
81
23
84
13
88
18
52
53
29
50
72
39
34
33
58
51
52
13
67
26
82
97
98
54
52
59
38
60
47
18
2
11
63
67
45
21
16
12
56
69
96
83
22
64
24
13
53
43
83
43
49
70
52
57
54
100
40
66
43
39
55
59
75
17
90
89
99
22
75
84
97
23
80
1
83
8
80
39
45
37
77
21
3
89
10
39
45
100
22
35
62
56
28
39
2
66
74
62
23
26
91
68
10
29
33
16
77
24
11
68
9
3
58
56
22
20
81
70
79
5
71
77
5
2
3
56
63
80
28
6
68
66
60
57
89
83
97
35
86
11
56
35
29
32
86
18
68
19
38
94
11
71
40
77
10
45
88
96
26
57
67
98
85
26
66
34
72
27
89
28
17
19
82
29
40
44
53
75
62
83
35
46
5
90
32
53
83
80
43
37
79
49
3
68
81
96
67
20
3
60
80
88
68
52
6
80
5
94
59
36
96
96
77
83
16
77
56
87
72
14
73
40
51
81
57
91
60
2
61
98
97
18
44
89
94
19
94
92
12
17
56
31
48
9
92
100
17
12
100
58
91
83
54
39
38
88
66
46
43
30
27
71